,2011-03-31,2011-06-30,2011-09-30,2012-03-31,2012-06-30,2012-09-30,2012-12-31,2013-03-31,2013-06-30,2013-09-30,2013-12-31,2014-03-31,2014-06-30,2014-09-30,2014-12-31,2015-03-31,2015-06-30,2015-09-30,2015-12-31,2016-03-31,2016-06-30,2016-09-30,2016-12-31
AccountsNotesAndLoansReceivableNetCurrent,136000000.000,162000000.000,146000000.000,177000000.000,132000000.000,152000000.000,153000000.000,198000000.000,154000000.000,194000000.000,214000000.000,175000000.000,188000000.000,209000000.000,152000000.000,175000000.000,164000000.000,176000000.000,190000000.000,177000000.000,140000000.000,171000000.000,164000000.000
AccountsPayableOtherCurrent,102000000.000,132000000.000,117000000.000,112000000.000,109000000.000,126000000.000,134000000.000,116000000.000,114000000.000,131000000.000,127000000.000,138000000.000,122000000.000,129000000.000,155000000.000,137000000.000,124000000.000,143000000.000,142000000.000,129000000.000,101000000.000,125000000.000,130000000.000
AccountsPayableTradeCurrent,607000000.000,783000000.000,891000000.000,901000000.000,903000000.000,970000000.000,976000000.000,874000000.000,959000000.000,859000000.000,1088000000.000,1062000000.000,1032000000.000,1153000000.000,1198000000.000,907000000.000,890000000.000,1091000000.000,1133000000.000,1028000000.000,1140000000.000,1173000000.000,1346000000.000
AccountsReceivableNetCurrent,922000000.000,1014000000.000,951000000.000,1062000000.000,853000000.000,922000000.000,1146000000.000,1131000000.000,1007000000.000,982000000.000,1308000000.000,1230000000.000,1051000000.000,1055000000.000,1242000000.000,1081000000.000,990000000.000,1024000000.000,1283000000.000,1100000000.000,994000000.000,1062000000.000,1390000000.000
AccrualForEnvironmentalLossContingenciesGross,,,,,,,,,,,,,,,44400000.000,,,,45100000.000,,,,28000000.000
AccruedEnvironmentalLossContingenciesCurrent,,,,,,,,,,,,,,,,,,,24000000.000,,,,8000000.000
AccruedEnvironmentalLossContingenciesNoncurrent,,,,,,,,,,,,,,,,,,,21000000.000,,,,20000000.000
AccruedIncomeTaxesCurrent,,,,53000000.000,0.000,,,,,,,,,,,,,,,,,,
AccruedLiabilitiesCurrent,,,,,,,,,250000000.000,250000000.000,,,,,,,,,,,,,
AccumulatedDeferredInvestmentTaxCredit,49000000.000,48000000.000,47000000.000,48000000.000,48000000.000,47000000.000,46000000.000,46000000.000,44000000.000,43000000.000,42000000.000,41000000.000,40000000.000,38000000.000,37000000.000,35000000.000,35000000.000,34000000.000,32000000.000,32000000.000,32000000.000,34000000.000,28000000.000
AccumulatedDepreciationDepletionAndAmortizationPropertyPlantAndEquipment,7356000000.000,7244000000.000,7427000000.000,7919000000.000,8050000000.000,8261000000.000,8337000000.000,8553000000.000,8557000000.000,8810000000.000,8947000000.000,9011000000.000,9214000000.000,9420000000.000,9505000000.000,9665000000.000,9830000000.000,9966000000.000,10161000000.000,10108000000.000,10261000000.000,10451000000.000,10693000000.000
AccumulatedOtherComprehensiveIncomeLossCumulativeChangesInNetGainLossFromCashFlowHedgesEffectNetOfTax,,,,,,,-35000000.000,,,,,,,,,,,,,,,,
AccumulatedOtherComprehensiveIncomeLossForeignCurrencyTranslationAdjustmentNetOfTax,,,,,,,-240000000.000,,,,,,,,,,,,,,,,
AccumulatedOtherComprehensiveIncomeLossNetOfTax,-332000000.000,-358000000.000,-503000000.000,-418000000.000,-456000000.000,-389000000.000,-376000000.000,-377000000.000,-219000000.000,-215000000.000,-228000000.000,-273000000.000,-273000000.000,-371000000.000,-497000000.000,-613000000.000,-596000000.000,-761000000.000,-806000000.000,-821000000.000,-852000000.000,-865000000.000,-748000000.000
AdditionalCollateralAggregateFairValue,5000000.000,4000000.000,10000000.000,26000000.000,23000000.000,11000000.000,8000000.000,6000000.000,6000000.000,3000000.000,3000000.000,1000000.000,1000000.000,2000000.000,9000000.000,7000000.000,5000000.000,8000000.000,6000000.000,7000000.000,8000000.000,8000000.000,13000000.000
AssetRetirementObligation,,,,,,,2056000000.000,,1972000000.000,2179000000.000,2152000000.000,,2134000000.000,2173000000.000,2190000000.000,,,,2255000000.000,,,,2553000000.000
AssetRetirementObligationsNoncurrent,1469000000.000,1490000000.000,1510000000.000,1927000000.000,1947000000.000,1981000000.000,2033000000.000,2056000000.000,1949000000.000,2111000000.000,2084000000.000,2127000000.000,2018000000.000,2043000000.000,2048000000.000,2066000000.000,2067000000.000,2068000000.000,2126000000.000,2151000000.000,2491000000.000,2508000000.000,2431000000.000
Assets,30696000000.000,31836000000.000,32616000000.000,34045000000.000,34202000000.000,35390000000.000,36499000000.000,37273000000.000,37020000000.000,36901000000.000,37244000000.000,37484000000.000,38307000000.000,38982000000.000,39732000000.000,39551000000.000,40006000000.000,40566000000.000,41150000000.000,41835000000.000,42875000000.000,45526000000.000,47786000000.000
AssetsCurrent,3426000000.000,2551000000.000,2938000000.000,2298000000.000,2040000000.000,3078000000.000,3695000000.000,4123000000.000,3661000000.000,3712000000.000,3997000000.000,4224000000.000,4195000000.000,4414000000.000,4184000000.000,3656000000.000,3506000000.000,3606000000.000,2891000000.000,2883000000.000,3341000000.000,2924000000.000,3110000000.000
AssetsFairValueDisclosure,,,,,,,1074000000.000,,,,1207000000.000,,,,1303000000.000,,,,1188000000.000,,,,
AssetsHeldForSaleCurrent,,,,,,,296000000.000,,,0.000,0.000,293000000.000,293000000.000,,,,,,,,,,
AssetsHeldInTrustNoncurrent,,,,,,,,492000000.000,500000000.000,486000000.000,,476000000.000,477000000.000,477000000.000,512000000.000,476000000.000,483000000.000,459000000.000,464000000.000,432000000.000,436000000.000,439000000.000,430000000.000
AssetsOfDisposalGroupIncludingDiscontinuedOperationCurrent,,,,,,,,,,,,,,293000000.000,293000000.000,295000000.000,0.000,0.000,0.000,303000000.000,654000000.000,181000000.000,201000000.000
AvailableForSaleSecurities,796000000.000,808000000.000,760000000.000,865000000.000,847000000.000,892000000.000,908000000.000,952000000.000,938000000.000,981000000.000,1034000000.000,,,,1131000000.000,1150000000.000,1145000000.000,1060000000.000,1063000000.000,1082000000.000,1103000000.000,1068000000.000,1026000000.000
AvailableForSaleSecuritiesAccumulatedGrossUnrealizedGainBeforeTax,,,,,,,,,,,,,,,,,,,,,,447000000.000,372000000.000
AvailableForSaleSecuritiesAccumulatedGrossUnrealizedLossBeforeTax,,,,,,,,,,,,,,,,,,,,,,7000000.000,4000000.000
AvailableForSaleSecuritiesAmortizedCost,522000000.000,528000000.000,553000000.000,572000000.000,574000000.000,585000000.000,594000000.000,603000000.000,609000000.000,609000000.000,627000000.000,,,,675000000.000,685000000.000,694000000.000,681000000.000,660000000.000,662000000.000,671000000.000,628000000.000,658000000.000
AvailableForSaleSecuritiesGrossUnrealizedLosses1,,,,,,,3000000.000,,,8000000.000,10000000.000,,,,,,,,,,,,
AvailableforsaleSecuritiesGrossUnrealizedGain,,,,,,,317000000.000,,,380000000.000,417000000.000,,,,,,,,,,,,
CapitalLeaseObligations,217000000.000,214000000.000,209000000.000,,,,189000000.000,,,,195000000.000,,,,310000000.000,,,,387000000.000,,,,
CapitalLeasesFutureMinimumPaymentsPresentValueOfNetMinimumPayments,,,,,,,,,,,,,,,2000000.000,,,,,,,,
CashAndCashEquivalentsAtCarryingValue,1219000000.000,392000000.000,657000000.000,404000000.000,221000000.000,530000000.000,475000000.000,1471000000.000,954000000.000,1061000000.000,904000000.000,844000000.000,789000000.000,667000000.000,570000000.000,377000000.000,636000000.000,697000000.000,403000000.000,376000000.000,616000000.000,518000000.000,349000000.000
CommercialPaperNoncurrent,200000000.000,200000000.000,200000000.000,,,,300000000.000,,,,200000000.000,,,,0.000,,,,,,,,
CommonStockIssuedEmployeeStockTrust,,,,,,,,,,,,,,,,,,41000000.000,55000000.000,13000000.000,27000000.000,40000000.000,53000000.000
CommonStockNoParValue,,,,,,,,,,,,,,,,,,,,,,0.000,0.000
CommonStockSharesAuthorized,750000000.000,750000000.000,750000000.000,750000000.000,750000000.000,750000000.000,750000000.000,750000000.000,750000000.000,750000000.000,750000000.000,750000000.000,750000000.000,750000000.000,750000000.000,750000000.000,750000000.000,750000000.000,750000000.000,750000000.000,750000000.000,750000000.000,750000000.000
CommonStockSharesIssued,,,,,,,,218110500.000,,,,,,,,,,,,,,,
CommonStockSharesOutstanding,239000000.000,240000000.000,240000000.000,241000000.000,242000000.000,242000000.000,242368836.000,244000000.000,244000000.000,244000000.000,244461327.000,245000000.000,246000000.000,246000000.000,246330884.000,247000000.000,248000000.000,248000000.000,248298080.000,249000000.000,250000000.000,250000000.000,250152514.000
CommonStockValue,2052000000.000,2074000000.000,2089000000.000,2117000000.000,2164000000.000,2178000000.000,2217000000.000,2334000000.000,2366000000.000,2424000000.000,2409000000.000,2401000000.000,2448000000.000,2499000000.000,2484000000.000,2514000000.000,2555000000.000,2587000000.000,2621000000.000,2642000000.000,2681000000.000,2684000000.000,2982000000.000
CustomerAdvancesForConstruction,132000000.000,139000000.000,142000000.000,143000000.000,148000000.000,146000000.000,144000000.000,139000000.000,140000000.000,145000000.000,155000000.000,158000000.000,150000000.000,144000000.000,144000000.000,144000000.000,144000000.000,145000000.000,149000000.000,148000000.000,152000000.000,153000000.000,152000000.000
CustomerDepositsCurrent,131000000.000,135000000.000,137000000.000,148000000.000,145000000.000,150000000.000,143000000.000,142000000.000,142000000.000,155000000.000,154000000.000,155000000.000,149000000.000,149000000.000,153000000.000,155000000.000,150000000.000,152000000.000,153000000.000,147000000.000,150000000.000,153000000.000,158000000.000
DebtInstrumentUnamortizedDiscount,22000000.000,22000000.000,14000000.000,,,,16000000.000,,,,17000000.000,,,,21000000.000,,,,107000000.000,,,,
DecommissioningFundInvestments,796000000.000,808000000.000,760000000.000,865000000.000,847000000.000,892000000.000,908000000.000,952000000.000,938000000.000,981000000.000,1034000000.000,1055000000.000,1096000000.000,1087000000.000,1131000000.000,1150000000.000,1145000000.000,1060000000.000,1063000000.000,1082000000.000,1103000000.000,1068000000.000,1026000000.000
DecommissioningLiabilityNoncurrent,,,,,,,,,,,,,,,,,,,667000000.000,,2891000000.000,2878000000.000,2697000000.000
DeferredCompensationEquity,6000000.000,5000000.000,4000000.000,1000000.000,,,,,,,,,,,,,,,,,,,
DeferredCreditsAndOtherLiabilities,,,,,,,,,,,,,10051000000.000,10096000000.000,,10488000000.000,10506000000.000,10525000000.000,,11004000000.000,1384000000.000,1508000000.000,1523000000.000
DeferredFinanceCostsNet,,,,,,,,,,,,,,,,85000000.000,88000000.000,78000000.000,,,,,
DeferredIncomeTaxLiabilities,,,,,,,,,,,,,,,,,,,,,,,7100000000.000
DeferredTaxAssetsGross,,,,,,,2887000000.000,,,,2608000000.000,,,,3090000000.000,,,,3186000000.000,,,,3620000000.000
DeferredTaxAssetsLiabilitiesNetNoncurrent,,,,,,,,,,,,,,,,,,,,,,211000000.000,
DeferredTaxAssetsNet,,,,,,,2759000000.000,,,,2512000000.000,,,,3051000000.000,,,,3152000000.000,,,,3589000000.000
DeferredTaxAssetsNetCurrent,36000000.000,,,,,,148000000.000,28000000.000,76000000.000,119000000.000,301000000.000,375000000.000,390000000.000,452000000.000,305000000.000,244000000.000,99000000.000,198000000.000,0.000,,,,
DeferredTaxAssetsNetNoncurrent,,,,,,,,,,,,,,,,,,,,,,,234000000.000
DeferredTaxAssetsOperatingLossCarryforwards,,,,,,,1898000000.000,,,,2023000000.000,,,,1908000000.000,,,,1856000000.000,,,,2304000000.000
DeferredTaxAssetsOther,,,,,,,90000000.000,,,,14000000.000,,,,97000000.000,,,,179000000.000,,,,87000000.000
DeferredTaxAssetsTaxCreditCarryforwardsGeneralBusiness,,,,,,,67000000.000,,,,105000000.000,,,,276000000.000,,,,381000000.000,,,,431000000.000
DeferredTaxAssetsTaxDeferredExpenseCompensationAndBenefitsOther,,,,,,,156000000.000,,,,128000000.000,,,,244000000.000,,,,252000000.000,,,,252000000.000
DeferredTaxAssetsTaxDeferredExpenseCompensationAndBenefitsPostretirementBenefits,,,,,,,587000000.000,,,,264000000.000,,,,433000000.000,,,,446000000.000,,,,434000000.000
DeferredTaxAssetsTaxDeferredExpenseReservesAndAccrualsAllowanceForDoubtfulAccounts,,,,,,,8000000.000,,,,8000000.000,,,,,,,,,,,,
DeferredTaxAssetsTaxDeferredExpenseReservesAndAccrualsLossReserves,,,,,,,7000000.000,,,,20000000.000,,,,73000000.000,,,,72000000.000,,,,112000000.000
DeferredTaxAssetsValuationAllowance,,,,,,,128000000.000,,,,96000000.000,,,,39000000.000,,,,34000000.000,,,,31000000.000
DeferredTaxLiabilities,,,,,,,4711000000.000,,,,5015000000.000,,,,5749000000.000,,,,6189000000.000,,,,3511000000.000
DeferredTaxLiabilitiesCurrent,,31000000.000,94000000.000,172000000.000,163000000.000,155000000.000,,,,,,,,,,,,,,,,,
DeferredTaxLiabilitiesInvestmentInNoncontrolledAffiliates,,,,,,,118000000.000,,,,256000000.000,,,,650000000.000,,,,796000000.000,,,,
DeferredTaxLiabilitiesNoncurrent,1633000000.000,1826000000.000,1852000000.000,1601000000.000,1544000000.000,1609000000.000,2100000000.000,2248000000.000,2389000000.000,2543000000.000,2804000000.000,2958000000.000,3010000000.000,3113000000.000,3003000000.000,3019000000.000,3016000000.000,3057000000.000,3157000000.000,3222000000.000,3071000000.000,3326000000.000,3745000000.000
DeferredTaxLiabilitiesOther,,,,,,,55000000.000,,,,72000000.000,,,,53000000.000,,,,100000000.000,,,,143000000.000
DeferredTaxLiabilitiesPropertyPlantAndEquipment,,,,,,,3710000000.000,,,,3951000000.000,,,,4074000000.000,,,,4487000000.000,,,,6111000000.000
DeferredTaxLiabilitiesRegulatoryAssetsAndLiabilities,,,,,,,770000000.000,,,,,,,,,,,,,,,,
DeferredTaxLiabilitiesTaxDeferredIncome,,,,,,,3000000.000,,,,15000000.000,,,,,,,,,,,,
DerivativeAssetsCurrent,97000000.000,87000000.000,77000000.000,83000000.000,75000000.000,74000000.000,95000000.000,88000000.000,81000000.000,76000000.000,106000000.000,114000000.000,101000000.000,83000000.000,93000000.000,89000000.000,85000000.000,66000000.000,80000000.000,88000000.000,65000000.000,53000000.000,83000000.000
DerivativeFairValueGrossAmountNotOffsetAgainstCollateralNet,42000000.000,30000000.000,19000000.000,25000000.000,32000000.000,46000000.000,35000000.000,,,,48000000.000,,,,,,,,,,,,
DerivativeFairValueOfDerivativeNet,,,,,,,,,,,,,,,14000000.000,,,,30000000.000,,,,
DerivativeLiabilitiesCurrent,91000000.000,85000000.000,86000000.000,92000000.000,91000000.000,82000000.000,77000000.000,71000000.000,71000000.000,64000000.000,55000000.000,54000000.000,50000000.000,49000000.000,55000000.000,50000000.000,55000000.000,73000000.000,56000000.000,57000000.000,54000000.000,94000000.000,83000000.000
DerivativeLiabilitiesNoncurrent,285000000.000,279000000.000,310000000.000,281000000.000,285000000.000,270000000.000,252000000.000,254000000.000,237000000.000,239000000.000,228000000.000,238000000.000,223000000.000,220000000.000,255000000.000,274000000.000,300000000.000,300000000.000,240000000.000,248000000.000,262000000.000,413000000.000,405000000.000
DerivativeNetLiabilityPositionAggregateFairValue,5000000.000,4000000.000,10000000.000,26000000.000,23000000.000,11000000.000,8000000.000,6000000.000,6000000.000,3000000.000,3000000.000,1000000.000,1000000.000,2000000.000,9000000.000,7000000.000,5000000.000,8000000.000,6000000.000,6000000.000,6000000.000,6000000.000,10000000.000
DisposalGroupIncludingDiscontinuedOperationPropertyPlantAndEquipmentCurrent,,,,,,,,,,,,,,290000000.000,,291000000.000,,,,,,,
DividendsPayableAmount,118000000.000,119000000.000,119000000.000,151000000.000,149000000.000,,,,,,,,,,,,,,,,,,
DividendsPayableCurrentAndNoncurrent,,,,,,149000000.000,150000000.000,160000000.000,158000000.000,158000000.000,157000000.000,168000000.000,165000000.000,166000000.000,166000000.000,181000000.000,178000000.000,179000000.000,180000000.000,197000000.000,195000000.000,195000000.000,196000000.000
DueFromAffiliateCurrent,17000000.000,,,,,,,,,,4000000.000,2000000.000,4000000.000,3000000.000,38000000.000,5000000.000,4000000.000,3000000.000,6000000.000,7000000.000,6000000.000,8000000.000,26000000.000
DueFromAffiliateNoncurrent,,,,,,,,,,,14000000.000,31000000.000,38000000.000,133000000.000,188000000.000,195000000.000,169000000.000,175000000.000,186000000.000,186000000.000,192000000.000,195000000.000,201000000.000
DueFromRelatedPartiesCurrent,,,,,1000000.000,0.000,,,,,,,,,,,,,,,,,
DueFromRelatedPartiesNoncurrent,,,,,,,,,,,,,,,,200000000.000,173000000.000,178000000.000,,,,,
DueToAffiliateCurrent,37000000.000,,,,,,,,,,,,,,2000000.000,0.000,0.000,0.000,14000000.000,13000000.000,8000000.000,9000000.000,11000000.000
DueToRelatedPartiesCurrent,,,,,,,,,,,4000000.000,,,,2000000.000,,,,,,,,
EmployeeRelatedLiabilitiesCurrent,211000000.000,269000000.000,266000000.000,203000000.000,222000000.000,273000000.000,337000000.000,217000000.000,235000000.000,286000000.000,376000000.000,260000000.000,271000000.000,345000000.000,373000000.000,238000000.000,271000000.000,356000000.000,423000000.000,259000000.000,289000000.000,298000000.000,409000000.000
EmployeeStockOwnershipPlanESOPSharesInESOP,,,,,,,,,,,0.000,,,,,,,,,,,,
EnergyRelatedInventoryNaturalGasInStorage,,,,,,239000000.000,240000000.000,93000000.000,182000000.000,288000000.000,113000000.000,37000000.000,107000000.000,319000000.000,246000000.000,111000000.000,113000000.000,261000000.000,149000000.000,77000000.000,97000000.000,119000000.000,92000000.000
EquityMethodInvestmentAggregateCost,,,,,477000000.000,369000000.000,369000000.000,,,,329000000.000,,,,,,,,,,,,
EquityMethodInvestmentSummarizedFinancialInformationCurrentAssets,,,,,,,,,,,,,,,865000000.000,,,,750000000.000,,,,704000000.000
EquityMethodInvestmentSummarizedFinancialInformationCurrentLiabilities,,,,,,,,,,,,,,,1131000000.000,,,,859000000.000,,,,629000000.000
EquityMethodInvestmentSummarizedFinancialInformationNoncurrentAssets,,,,,,,,,,,,,,,13161000000.000,,,,15112000000.000,,,,9970000000.000
EquityMethodInvestmentSummarizedFinancialInformationNoncurrentLiabilities,,,,,,,,,,,,,,,6228000000.000,,,,7862000000.000,,,,6627000000.000
EquityMethodInvestments,,,,50000000.000,243000000.000,296000000.000,,5000000.000,5000000.000,5000000.000,,51000000.000,,76000000.000,,,,,,2727000000.000,,,2080000000.000
FairValueMeasuredOnRecurringBasisInvestments,14000000.000,13000000.000,8000000.000,1000000.000,,,,,,,,,,,,,,,,,,,
FairValueMeasurementWithUnobservableInputsReconciliationRecurringBasisAssetValue,3000000.000,3000000.000,3000000.000,21000000.000,13000000.000,23000000.000,61000000.000,58000000.000,47000000.000,57000000.000,99000000.000,95000000.000,85000000.000,87000000.000,107000000.000,102000000.000,42000000.000,36000000.000,19000000.000,11000000.000,24000000.000,,
FairValueNetDerivativeAssetLiabilityMeasuredOnRecurringBasisWithUnobservableInputs,,,,,,,,,,,,,,,,,,,,,,-87000000.000,-74000000.000
FiniteLivedIntangibleAssetsAccumulatedAmortization,,,,,,,-43000000.000,,,,-53000000.000,,,,-63000000.000,,,,-73000000.000,,,,84000000.000
FiniteLivedIntangibleAssetsGross,,,,,,,479000000.000,,,,479000000.000,,,,478000000.000,,,,477000000.000,,,,632000000.000
FiniteLivedIntangibleAssetsNet,,,,,,,436000000.000,,,,426000000.000,,,,415000000.000,,,,404000000.000,,,,548000000.000
ForeignCurrencyExchangeRateTranslation1,,,,,,,,12.384,,,,,,,,,,,,,,,
Goodwill,,1059000000.000,1013000000.000,1071000000.000,1067000000.000,1109000000.000,1111000000.000,1113000000.000,1042000000.000,1045000000.000,1024000000.000,999000000.000,1000000000.000,951000000.000,931000000.000,903000000.000,885000000.000,847000000.000,819000000.000,849000000.000,786000000.000,2150000000.000,2364000000.000
GrantsReceivableCurrent,,,,,,181000000.000,,236000000.000,164000000.000,0.000,0.000,,,,,,,,,,,,
GuaranteeObligationsCurrentCarryingValue,,,,,,,,,,,,,,,,,,,,67000000.000,63000000.000,58000000.000,43000000.000
GuaranteeObligationsMaximumExposure,,,,,,,,,,,,,,,,,,,,4500000000.000,4500000000.000,4500000000.000,
IncomeTaxesReceivable,261000000.000,243000000.000,301000000.000,,37000000.000,18000000.000,56000000.000,73000000.000,129000000.000,132000000.000,85000000.000,88000000.000,122000000.000,91000000.000,45000000.000,53000000.000,100000000.000,22000000.000,30000000.000,49000000.000,36000000.000,28000000.000,43000000.000
InsuranceSettlementsReceivableNoncurrent,,,,,,,,,,,,,,,,,,,,,679000000.000,664000000.000,606000000.000
IntangibleAssetsNetExcludingGoodwill,,450000000.000,448000000.000,443000000.000,441000000.000,441000000.000,436000000.000,434000000.000,431000000.000,428000000.000,426000000.000,423000000.000,421000000.000,418000000.000,415000000.000,412000000.000,410000000.000,407000000.000,404000000.000,402000000.000,399000000.000,397000000.000,548000000.000
InterestAndDividendsPayableCurrent,251000000.000,217000000.000,261000000.000,297000000.000,256000000.000,309000000.000,266000000.000,323000000.000,271000000.000,314000000.000,271000000.000,322000000.000,277000000.000,327000000.000,282000000.000,344000000.000,300000000.000,343000000.000,303000000.000,360000000.000,314000000.000,357000000.000,319000000.000
InterestReceivable,,,,,,,,,,,,,,,,,,,,,,,17000000.000
InventoryLIFOReserve,,,,,,,,,,,,,,,,,,,,,,8000000.000,
InventoryNet,176000000.000,211000000.000,369000000.000,222000000.000,249000000.000,398000000.000,408000000.000,270000000.000,357000000.000,463000000.000,287000000.000,197000000.000,267000000.000,472000000.000,396000000.000,255000000.000,266000000.000,416000000.000,298000000.000,231000000.000,270000000.000,302000000.000,258000000.000
InvestmentsFairValueDisclosure,,,,,1000000.000,1000000.000,,,,,,,,,,,,,,,,,
InvestmentsInAffiliatesSubsidiariesAssociatesAndJointVentures,2163000000.000,1513000000.000,1485000000.000,1722000000.000,1639000000.000,1585000000.000,1516000000.000,1519000000.000,1466000000.000,1564000000.000,1575000000.000,1634000000.000,1769000000.000,1797000000.000,2848000000.000,2772000000.000,2929000000.000,2845000000.000,2905000000.000,2727000000.000,2267000000.000,1840000000.000,2097000000.000
JointlyOwnedUtilityPlantProportionateOwnershipShare,,,,,,,,,,,,,,,,,,,,0.200,0.200,,
Liabilities,21293000000.000,21864000000.000,22632000000.000,23675000000.000,23909000000.000,24894000000.000,25816000000.000,26012000000.000,25472000000.000,25147000000.000,25394000000.000,25595000000.000,26256000000.000,26825000000.000,27632000000.000,27270000000.000,27531000000.000,28170000000.000,28571000000.000,29111000000.000,30312000000.000,32335000000.000,32545000000.000
LiabilitiesAndStockholdersEquity,30696000000.000,31836000000.000,32616000000.000,34045000000.000,34202000000.000,35390000000.000,36499000000.000,37273000000.000,37020000000.000,36901000000.000,37244000000.000,37484000000.000,38307000000.000,38982000000.000,39732000000.000,39551000000.000,40006000000.000,40566000000.000,41150000000.000,41835000000.000,42875000000.000,45526000000.000,47786000000.000
LiabilitiesCurrent,3654000000.000,3575000000.000,3995000000.000,4480000000.000,4434000000.000,4349000000.000,4258000000.000,5189000000.000,4725000000.000,4530000000.000,4369000000.000,3875000000.000,3882000000.000,4292000000.000,5069000000.000,3770000000.000,4399000000.000,5118000000.000,4612000000.000,5132000000.000,5680000000.000,6794000000.000,5927000000.000
LiabilitiesFairValueDisclosure,,,,,,,153000000.000,,,,137000000.000,,,,179000000.000,,,,242000000.000,,,,
LiabilitiesOfDisposalGroupIncludingDiscontinuedOperationCurrent,,,,,,,,,,,,,,,,,,,,,222000000.000,35000000.000,47000000.000
LiabilitiesOtherThanLongtermDebtNoncurrent,,,,,,,,,,,,,,,,,,,,,11454000000.000,12019000000.000,12189000000.000
LineOfCreditFacilityMaximumBorrowingCapacity,,,,,,,4100000000.000,,,,4100000000.000,,,,,,,,,,,,
LineOfCreditFacilityRemainingBorrowingCapacity,,,,,,,3200000000.000,,,,3400000000.000,,,,,,,,,,,,
LitigationReserveCurrent,489000000.000,422000000.000,507000000.000,441000000.000,305000000.000,284000000.000,305000000.000,221000000.000,182000000.000,127000000.000,63000000.000,,,,,,,,,,,,
LitigationReserveNoncurrent,,,,,171000000.000,127000000.000,22000000.000,45000000.000,,,,,,,,,,,,,,,
LongTermDebtAndCapitalLeaseObligations,9174000000.000,9648000000.000,10033000000.000,10180000000.000,10315000000.000,11193000000.000,11621000000.000,10680000000.000,10530000000.000,10478000000.000,11253000000.000,11700000000.000,12323000000.000,12437000000.000,12167000000.000,13012000000.000,12626000000.000,12527000000.000,13134000000.000,12975000000.000,13178000000.000,13522000000.000,14429000000.000
LongTermDebtAndCapitalLeaseObligationsCurrent,89000000.000,144000000.000,137000000.000,713000000.000,698000000.000,709000000.000,725000000.000,1381000000.000,1540000000.000,1441000000.000,1147000000.000,97000000.000,195000000.000,188000000.000,469000000.000,477000000.000,1273000000.000,1168000000.000,907000000.000,1066000000.000,907000000.000,904000000.000,913000000.000
LongTermDebtMaturitiesRepaymentsOfPrincipalAfterYearFive,,,,,,,8246000000.000,,,,8164000000.000,,,,8467000000.000,,,,8821000000.000,,,,9805000000.000
LongTermDebtMaturitiesRepaymentsOfPrincipalInNextTwelveMonths,,,,,,,731000000.000,,,,1140000000.000,,,,456000000.000,,,,897000000.000,,,,905000000.000
LongTermDebtMaturitiesRepaymentsOfPrincipalInYearFive,,,,,,,659000000.000,,,,1073000000.000,,,,822000000.000,,,,968000000.000,,,,498000000.000
LongTermDebtMaturitiesRepaymentsOfPrincipalInYearFour,,,,,,,814000000.000,,,,672000000.000,,,,1059000000.000,,,,854000000.000,,,,1032000000.000
LongTermDebtMaturitiesRepaymentsOfPrincipalInYearThree,,,,,,,344000000.000,,,,846000000.000,,,,680000000.000,,,,1369000000.000,,,,1417000000.000
LongTermDebtMaturitiesRepaymentsOfPrincipalInYearTwo,,,,,,,1360000000.000,,,,312000000.000,,,,863000000.000,,,,854000000.000,,,,1414000000.000
LossContingencyAccrualAtCarryingValue,764000000.000,615000000.000,625000000.000,529000000.000,507000000.000,427000000.000,341000000.000,283000000.000,231000000.000,177000000.000,154000000.000,183000000.000,181000000.000,144000000.000,68000000.000,57000000.000,62000000.000,52000000.000,49000000.000,37000000.000,44000000.000,23000000.000,19000000.000
MinorityInterest,117000000.000,373000000.000,334000000.000,398000000.000,394000000.000,394000000.000,381000000.000,818000000.000,824000000.000,825000000.000,822000000.000,829000000.000,837000000.000,804000000.000,754000000.000,757000000.000,772000000.000,751000000.000,750000000.000,758000000.000,762000000.000,,2270000000.000
MinorityInterestAmountRepresentedByPreferredStock,,,,,,,,,,,,,,,,,,,,,,20000000.000,
MinorityInterestOwnershipPercentageByParent,,,,,,,,0.811,,,,,,,,,,,,,,,
NetRegulatoryAssets,,,,,,,81000000.000,,,,-354000000.000,,,,163000000.000,,,,306000000.000,,,,542000000.000
NoncurrentAssets,,,,,,,26707000000.000,,,,27035000000.000,,,,28750000000.000,,,,30944000000.000,,,,35028000000.000
OperatingLeasesFutureMinimumPaymentsDue,,,,,,,928000000.000,,,,958000000.000,,,,580000000.000,,,,595000000.000,,,,617000000.000
OperatingLeasesFutureMinimumPaymentsDueCurrent,,,,,,,78000000.000,,,,85000000.000,,,,73000000.000,,,,71000000.000,,,,78000000.000
OperatingLeasesFutureMinimumPaymentsDueInFiveYears,,,,,,,64000000.000,,,,69000000.000,,,,50000000.000,,,,50000000.000,,,,49000000.000
OperatingLeasesFutureMinimumPaymentsDueInFourYears,,,,,,,66000000.000,,,,74000000.000,,,,57000000.000,,,,57000000.000,,,,54000000.000
OperatingLeasesFutureMinimumPaymentsDueInThreeYears,,,,,,,71000000.000,,,,71000000.000,,,,64000000.000,,,,63000000.000,,,,61000000.000
OperatingLeasesFutureMinimumPaymentsDueInTwoYears,,,,,,,77000000.000,,,,83000000.000,,,,65000000.000,,,,71000000.000,,,,69000000.000
OperatingLeasesFutureMinimumPaymentsDueThereafter,,,,,,,572000000.000,,,,576000000.000,,,,271000000.000,,,,283000000.000,,,,306000000.000
OtherAssetsCurrent,171000000.000,185000000.000,221000000.000,146000000.000,237000000.000,192000000.000,152000000.000,118000000.000,135000000.000,211000000.000,170000000.000,180000000.000,150000000.000,187000000.000,293000000.000,354000000.000,356000000.000,406000000.000,267000000.000,273000000.000,207000000.000,339000000.000,271000000.000
OtherAssetsNoncurrent,630000000.000,645000000.000,669000000.000,799000000.000,712000000.000,767000000.000,878000000.000,895000000.000,895000000.000,928000000.000,1141000000.000,1146000000.000,1197000000.000,1280000000.000,561000000.000,682000000.000,674000000.000,701000000.000,761000000.000,825000000.000,806000000.000,715000000.000,815000000.000
OtherCommitment,,,,,,,,,,,,,,,,1000000.000,1000000.000,1000000.000,1000000.000,,,,
OtherInventorySupplies,,,,,,,152000000.000,,,,166000000.000,,,,136000000.000,,,,143000000.000,,,,
OtherLiabilitiesCurrent,701000000.000,627000000.000,632000000.000,682000000.000,559000000.000,590000000.000,608000000.000,788000000.000,411000000.000,549000000.000,452000000.000,615000000.000,548000000.000,643000000.000,649000000.000,667000000.000,598000000.000,695000000.000,551000000.000,549000000.000,481000000.000,558000000.000,557000000.000
OtherLiabilitiesNoncurrent,903000000.000,867000000.000,818000000.000,862000000.000,911000000.000,1028000000.000,1084000000.000,1027000000.000,1066000000.000,1045000000.000,1169000000.000,1195000000.000,1189000000.000,1154000000.000,1104000000.000,1118000000.000,1081000000.000,1092000000.000,1176000000.000,1188000000.000,,,
OtherMinorityInterests,,,,,,,,,,,,,,,,,,,,,,825000000.000,2270000000.000
PensionAndOtherPostretirementDefinedBenefitPlansLiabilitiesNoncurrent,1114000000.000,1106000000.000,1085000000.000,1373000000.000,1345000000.000,1337000000.000,1456000000.000,1466000000.000,1471000000.000,1472000000.000,667000000.000,679000000.000,675000000.000,659000000.000,1064000000.000,1077000000.000,1101000000.000,1114000000.000,1152000000.000,1165000000.000,1171000000.000,1199000000.000,1208000000.000
PreferredStockSharesAuthorized,50000000.000,50000000.000,50000000.000,50000000.000,50000000.000,50000000.000,50000000.000,50000000.000,50000000.000,50000000.000,50000000.000,50000000.000,50000000.000,50000000.000,50000000.000,50000000.000,50000000.000,50000000.000,50000000.000,50000000.000,50000000.000,50000000.000,50000000.000
PreferredStockSharesIssued,,,,,,,,,,0.000,0.000,0.000,0.000,0.000,0.000,0.000,0.000,0.000,0.000,0.000,0.000,0.000,0.000
PreferredStockValue,,,,,,,,,,0.000,,0.000,0.000,0.000,,0.000,0.000,0.000,,0.000,0.000,0.000,0.000
PropertyPlantAndEquipmentGross,27556000000.000,29400000000.000,30130000000.000,31995000000.000,32647000000.000,33251000000.000,33528000000.000,34011000000.000,33728000000.000,33573000000.000,34407000000.000,34463000000.000,35226000000.000,35829000000.000,35407000000.000,35901000000.000,36523000000.000,37280000000.000,38200000000.000,38541000000.000,39756000000.000,41938000000.000,43624000000.000
PropertyPlantAndEquipmentNet,20200000000.000,22156000000.000,22703000000.000,24076000000.000,24597000000.000,24990000000.000,25191000000.000,25458000000.000,25171000000.000,24763000000.000,25460000000.000,25452000000.000,26012000000.000,26409000000.000,25902000000.000,26236000000.000,26693000000.000,27314000000.000,28039000000.000,28433000000.000,29495000000.000,31487000000.000,32931000000.000
RegulatoryAssetsCurrent,73000000.000,69000000.000,83000000.000,105000000.000,101000000.000,88000000.000,62000000.000,42000000.000,190000000.000,100000000.000,38000000.000,35000000.000,40000000.000,59000000.000,,,,,,,,,
RegulatoryAssetsNoncurrent,932000000.000,948000000.000,952000000.000,1070000000.000,1123000000.000,1155000000.000,1227000000.000,1233000000.000,1872000000.000,1947000000.000,2113000000.000,2039000000.000,2101000000.000,2048000000.000,3031000000.000,3046000000.000,3095000000.000,3112000000.000,3273000000.000,3336000000.000,3353000000.000,3424000000.000,3414000000.000
RegulatoryLiabilityNoncurrent,130000000.000,115000000.000,103000000.000,80000000.000,68000000.000,55000000.000,1000000.000,,,,,,,,,,,,,,,,
RestrictedCashAndCashEquivalents,,,,,,,,,,,,,,,,,,,,,,,76000000.000
RestrictedCashAndCashEquivalentsAtCarryingValue,318000000.000,188000000.000,133000000.000,23000000.000,21000000.000,42000000.000,46000000.000,57000000.000,89000000.000,28000000.000,24000000.000,26000000.000,20000000.000,22000000.000,11000000.000,10000000.000,8000000.000,13000000.000,27000000.000,23000000.000,17000000.000,14000000.000,66000000.000
RestrictedCashAndCashEquivalentsNoncurrent,,2000000.000,2000000.000,24000000.000,18000000.000,20000000.000,22000000.000,19000000.000,22000000.000,21000000.000,25000000.000,27000000.000,29000000.000,10000000.000,29000000.000,23000000.000,17000000.000,40000000.000,20000000.000,20000000.000,18000000.000,12000000.000,10000000.000
RetainedEarningsAccumulatedDeficit,7472000000.000,7868000000.000,8048000000.000,8254000000.000,8171000000.000,8293000000.000,8441000000.000,8466000000.000,8557000000.000,8700000000.000,8827000000.000,8912000000.000,9019000000.000,9205000000.000,9339000000.000,9603000000.000,9724000000.000,9799000000.000,9994000000.000,10125000000.000,9952000000.000,10527000000.000,10717000000.000
SegmentReportingInformationAssets,30696000000.000,31836000000.000,32616000000.000,34045000000.000,,,,,,,,,,,,,,,,,,,
SegmentReportingInformationInvestmentInEquityMethodInvestees,2754000000.000,1743000000.000,1584000000.000,1680000000.000,,,,,,,,,,,,,,,,,,,
ShareBasedCompensationArrangementByShareBasedPaymentAwardNumberOfSharesAuthorized,,,,,,,302478.000,,,,7192401.000,,,,6562347.000,,,,6148009.000,,,,5627118.000
ShareBasedCompensationArrangementByShareBasedPaymentAwardNumberOfSharesAvailableForGrant,,,,,,,1896949.000,,,,7192401.000,,,,6562347.000,,,,6148009.000,,,,5627118.000
ShareBasedCompensationArrangementByShareBasedPaymentAwardOptionsOutstandingIntrinsicValue,,,,,,,52000000.000,,,,53000000.000,,,,44000000.000,,,,21000000.000,,,,17000000.000
ShareBasedCompensationArrangementByShareBasedPaymentAwardOptionsOutstandingNumber,,,,,,,2701118.000,,,,1459145.000,,,,757412.000,,,,527997.000,,,,360255.000
ShareBasedCompensationArrangementByShareBasedPaymentAwardOptionsOutstandingWeightedAverageExercisePrice,,,,,,,51.860,,,,53.180,,,,53.840,,,,53.620,,,,52.460
ShareBasedCompensationArrangementByShareBasedPaymentAwardOptionsVestedAndExpectedToVestExercisableAggregateIntrinsicValue,,,,,,,41000000.000,,,,48000000.000,,,,44000000.000,,,,21000000.000,,,,17000000.000
ShareBasedCompensationArrangementByShareBasedPaymentAwardOptionsVestedAndExpectedToVestExercisableNumber,,,,,,,2174018.000,,,,1300745.000,,,,757412.000,,,,527997.000,,,,360255.000
ShareBasedCompensationArrangementByShareBasedPaymentAwardOptionsVestedAndExpectedToVestExercisableWeightedAverageExercisePrice,,,,,,,52.030,,,,52.860,,,,53.840,,,,53.620,,,,52.460
ShareBasedCompensationArrangementByShareBasedPaymentAwardOptionsVestedAndExpectedToVestOutstandingAggregateIntrinsicValue,,,,,,,51000000.000,,,,53000000.000,,,,44000000.000,,,,21000000.000,,,,17000000.000
ShareBasedCompensationArrangementByShareBasedPaymentAwardOptionsVestedAndExpectedToVestOutstandingNumber,,,,,,,2696259.000,,,,1459145.000,,,,757412.000,,,,527997.000,,,,360255.000
ShareBasedCompensationArrangementByShareBasedPaymentAwardOptionsVestedAndExpectedToVestOutstandingWeightedAverageExercisePrice,,,,,,,51.850,,,,53.180,,,,53.840,,,,53.620,,,,52.460
SharePrice,,,,,,,,2.750,,,,,,,,,,,,,,,
ShortTermBorrowings,566000000.000,453000000.000,641000000.000,426000000.000,713000000.000,584000000.000,546000000.000,762000000.000,510000000.000,522000000.000,545000000.000,1084000000.000,1238000000.000,1309000000.000,1733000000.000,795000000.000,738000000.000,1097000000.000,622000000.000,1177000000.000,1777000000.000,2869000000.000,1779000000.000
ShortTermDebtWeightedAverageInterestRate,,,,,,,0.007,,,,0.006,,,,,,,,,,,,
SignificantChangeInUnrecognizedTaxBenefitsIsReasonablyPossibleAmountOfUnrecordedBenefit,,,,,,,-17000000.000,,,,-70000000.000,,,,-61000000.000,,,,-34000000.000,,,,38000000.000
SiteContingencyAccrualUndiscountedAmount,,,,,,,21600000.000,,,,24900000.000,,,,,,,,,,,,
StockholdersEquity,9186000000.000,9579000000.000,9630000000.000,9952000000.000,9879000000.000,10082000000.000,10282000000.000,10423000000.000,10704000000.000,10909000000.000,11008000000.000,11040000000.000,11194000000.000,11333000000.000,11326000000.000,11504000000.000,11683000000.000,11625000000.000,11809000000.000,11946000000.000,11781000000.000,12346000000.000,12951000000.000
StockholdersEquityIncludingPortionAttributableToNoncontrollingInterest,9403000000.000,9972000000.000,9984000000.000,10370000000.000,10293000000.000,10496000000.000,10683000000.000,11261000000.000,11548000000.000,11754000000.000,11850000000.000,11889000000.000,12051000000.000,12157000000.000,12100000000.000,12281000000.000,12475000000.000,12396000000.000,12579000000.000,12724000000.000,12563000000.000,13191000000.000,15241000000.000
UndistributedEarningsOfForeignSubsidiaries,,,,,,,2900000000.000,,,,3300000000.000,,,,,,,,,,,,
UnrecognizedTaxBenefits,,,,,,,82000000.000,,,,90000000.000,,,,117000000.000,,,,87000000.000,,,,90000000.000
UnrecognizedTaxBenefitsIncomeTaxPenaltiesAccrued,,,,,,,3000000.000,,,,3000000.000,,,,0.000,,,,0.000,,,,0.000
UnrecognizedTaxBenefitsInterestOnIncomeTaxesAccrued,,,,,,,3000000.000,,,,4000000.000,,,,0.000,,,,1000000.000,,,,1000000.000
UnrecordedUnconditionalPurchaseObligationBalanceOnFifthAnniversary,,,,,,,17000000.000,,,,24000000.000,,,,1000000.000,,,,,,,,
UnrecordedUnconditionalPurchaseObligationBalanceOnFirstAnniversary,,,,,,,592000000.000,,,,1317000000.000,,,,721000000.000,,,,,,,,
UnrecordedUnconditionalPurchaseObligationBalanceOnFourthAnniversary,,,,,,,30000000.000,,,,112000000.000,,,,10000000.000,,,,,,,,
UnrecordedUnconditionalPurchaseObligationBalanceOnSecondAnniversary,,,,,,,230000000.000,,,,393000000.000,,,,93000000.000,,,,,,,,
UnrecordedUnconditionalPurchaseObligationBalanceOnThirdAnniversary,,,,,,,128000000.000,,,,116000000.000,,,,46000000.000,,,,,,,,
UnrecordedUnconditionalPurchaseObligationBalanceSheetAmount,,,,,,,1077000000.000,,,,2009000000.000,,,,877000000.000,,,,,,,,
UnrecordedUnconditionalPurchaseObligationDueAfterFiveYears,,,,,,,80000000.000,,,,47000000.000,,,,6000000.000,,,,,,,,
UnsecuredDebt,,,,,,,6300000000.000,,,,6200000000.000,,,,5900000000.000,,,,6800000000.000,,,,6500000000.000
VariableInterestCarryingAmount,119000000.000,89000000.000,91000000.000,,,,,,,,,,,,,,,,,,,,
VariableInterestEntityConsolidatedCarryingAmountAssetsAndLiabilitiesNet,,,,,,,,72000000.000,88000000.000,79000000.000,,87000000.000,85000000.000,77000000.000,,,,,,,,,
